72.33333333333334
66.33333333333333
72.66666666666667
70.66666666666667
47.33333333333333
90.33333333333334
63.666666666666664
37.66666666666667
44.66666666666667
46.333333333333336
67.33333333333333
71.33333333333333
59.66666666666667
75.0
42.666666666666664
64.0
46.99999999999999
59.666666666666664
50.0
83.0
47.66666666666667
45.333333333333336
55.333333333333336
65.33333333333333
51.0
68.0
69.66666666666666
58.66666666666667
47.333333333333336
61.666666666666664
74.66666666666666
62.33333333333333
64.0
69.0
75.0
56.0
88.66666666666666
88.0
69.33333333333334
70.33333333333333
74.0
70.0
65.66666666666667
79.0
57.33333333333333
58.0
73.0
82.66666666666667
45.66666666666667
55.66666666666667
47.0
74.33333333333334
77.66666666666666
81.33333333333333
72.66666666666666
53.0
61.66666666666667
52.99999999999999
44.0
46.99999999999999
48.666666666666664
64.0
80.66666666666666
36.0
35.66666666666667
59.33333333333333
43.33333333333333
52.666666666666664
50.0
70.66666666666667
46.333333333333336
68.66666666666666
66.33333333333333
51.666666666666664
53.666666666666664
66.66666666666667
70.66666666666667
55.00000000000001
50.666666666666664
50.33333333333333
50.333333333333336
47.33333333333333
40.66666666666667
73.0
81.66666666666667
51.333333333333336
78.66666666666667
43.333333333333336
64.66666666666667
58.0
52.66666666666667
65.0
89.0
51.0
69.0
53.66666666666667
56.66666666666667
62.0
75.0
69.33333333333333
73.33333333333333
59.333333333333336
64.0
69.33333333333333
42.666666666666664
79.0
60.66666666666667
70.0
59.0
59.666666666666664
67.66666666666667
87.66666666666667
64.0
51.66666666666667
74.0
45.66666666666667
60.0
32.333333333333336
59.0
72.66666666666667
55.666666666666664
51.0
64.38524590163935 59.09016393442623 61.032786885245905